第1幅图像的平均误差：0.0248432像素
第2幅图像的平均误差：0.023585像素
第3幅图像的平均误差：0.0267903像素
第4幅图像的平均误差：0.0351516像素
第5幅图像的平均误差：0.0335071像素
第6幅图像的平均误差：0.0436802像素
第7幅图像的平均误差：0.033474像素
第8幅图像的平均误差：0.0401207像素
第9幅图像的平均误差：0.049947像素
第10幅图像的平均误差：0.0451828像素
第11幅图像的平均误差：0.0487963像素
第12幅图像的平均误差：0.0377518像素
第13幅图像的平均误差：0.0497522像素
第14幅图像的平均误差：0.0285238像素
总体平均误差：0.0372219像素

相机内参数矩阵：
[323.6139462384829, 0, 625.6518749705632;
 0, 323.9397162745875, 500.8404461028201;
 0, 0, 1]
畸变系数：
[-0.0355526, 0.0115279, -0.00987815, 0.00233225]
第1幅图像的旋转向量：
[-3.04227, 0.388744, -0.0120047]
第1幅图像的旋转矩阵：
[0.9678833523436902, -0.2508109279397057, 0.01719577511959857;
 -0.2513940519532443, -0.9651357212011218, 0.07289767008704749;
 -0.001687275457508829, -0.07487935688568854, -0.9971911727517027]
第1幅图像的平移向量：
[-36.2345, 84.0295, 169.609]
第2幅图像的旋转向量：
[2.44385, -1.67059, 0.729396]
第2幅图像的旋转矩阵：
[0.2865736749200366, -0.898714048389688, 0.3319466644957332;
 -0.8543862496757686, -0.3964976826186751, -0.3358775432251992;
 0.4334739498606582, -0.1873570038857313, -0.8814747233399047]
第2幅图像的平移向量：
[9.70244, 174.704, 164.27]
第3幅图像的旋转向量：
[-2.93196, 0.181505, -0.803642]
第3幅图像的旋转矩阵：
[0.8539720560938742, -0.08917396259708515, 0.51262045589845;
 -0.1397978417739313, -0.9883013931139332, 0.06096654660065373;
 0.5011868821568974, -0.1237269605372753, -0.8564481002314476]
第3幅图像的平移向量：
[-114.255, 30.5162, 149.253]
第4幅图像的旋转向量：
[-2.75989, -1.00265, -0.609704]
第4幅图像的旋转矩阵：
[0.6953423612151697, 0.6411076190232984, 0.3247768796112028;
 0.5833271765359288, -0.7674379486319498, 0.2660233074642256;
 0.4197956715049997, 0.004473905437308523, -0.9076076125483987]
第4幅图像的平移向量：
[-155.689, -53.7056, 153.966]
第5幅图像的旋转向量：
[-2.83918, -0.88716, -0.735499]
第5幅图像的旋转矩阵：
[0.7175352583243995, 0.5543166657431132, 0.4217537043592803;
 0.5171695037097798, -0.8295975985940016, 0.2104840346431189;
 0.4665606686101151, 0.06708843780043798, -0.8819412021328741]
第5幅图像的平移向量：
[-122.831, -60.0492, 93.4922]
第6幅图像的旋转向量：
[2.69173, -1.26086, -0.376189]
第6幅图像的旋转矩阵：
[0.616308296184882, -0.733961725752999, -0.2854194618160562;
 -0.7703645285543191, -0.6371088524741141, -0.02511579671041719;
 -0.1634092322941674, 0.2353561030200767, -0.9580735501892502]
第6幅图像的平移向量：
[122.601, 184.11, 123.16]
第7幅图像的旋转向量：
[2.8356, -1.05408, -0.353046]
第7幅图像的旋转矩阵：
[0.7341876205348272, -0.6318455968850198, -0.2484747060576196;
 -0.6540394486689085, -0.7564059571321696, -0.009078964689682056;
 -0.1822112439951981, 0.1691779232405321, -0.9685958356557925]
第7幅图像的平移向量：
[99.7728, 186.627, 139.257]
第8幅图像的旋转向量：
[-2.94961, 0.176345, -0.583717]
第8幅图像的旋转矩阵：
[0.9183726064263296, -0.08914212674188812, 0.3855456354384568;
 -0.1392375010173357, -0.9847856125466599, 0.1039721868171837;
 0.3704114929050633, -0.1491676190097337, -0.9168120567285365]
第8幅图像的平移向量：
[-65.145, 66.0043, 93.7942]
第9幅图像的旋转向量：
[-2.79747, 0.88313, 0.166068]
第9幅图像的旋转矩阵：
[0.8148626015741928, -0.5778404030376065, -0.0458193100458185;
 -0.5550138988091158, -0.800584356693785, 0.2258855018497269;
 -0.1672079922863829, -0.1586352937858872, -0.973075706654432]
第9幅图像的平移向量：
[-31.1595, 4.36571, 135.012]
第10幅图像的旋转向量：
[-3.00412, 0.239682, 0.15877]
第10幅图像的旋转矩阵：
[0.9819181634652255, -0.1640098370644417, -0.09453831817403176;
 -0.1510220797032606, -0.9797855294483711, 0.1311969806271367;
 -0.1141448715413057, -0.11454732484729, -0.9868383143510128]
第10幅图像的平移向量：
[-15.452, 33.2071, 127.511]
第11幅图像的旋转向量：
[-2.98163, 0.0861012, -0.701179]
第11幅图像的旋转矩阵：
[0.8938531269483395, -0.03690633658070261, 0.4468383485835429;
 -0.07229894406059356, -0.9954285008141364, 0.06240963430948682;
 0.4424923164670762, -0.08809098754760673, -0.892435167270143]
第11幅图像的平移向量：
[-85.8203, 61.4557, 69.6216]
第12幅图像的旋转向量：
[-2.86429, 0.43292, -0.547277]
第12幅图像的旋转矩阵：
[0.888992550322881, -0.2469851253226284, 0.3856041925858509;
 -0.3183917465761384, -0.9386044053752162, 0.1328475288533169;
 0.329118430329595, -0.2408736558438934, -0.9130503495086024]
第12幅图像的平移向量：
[-67.9965, 122.967, 113.491]
第13幅图像的旋转向量：
[-2.9122, -0.525046, -0.662277]
第13幅图像的旋转矩阵：
[0.845102626275654, 0.3553923512231039, 0.3993717913850539;
 0.3077729768860989, -0.9342581773618931, 0.1801040053166568;
 0.4371239478233397, -0.02929052277695884, -0.8989242012065259]
第13幅图像的平移向量：
[-94.3551, 9.83588, 66.3304]
第14幅图像的旋转向量：
[-2.18009, -1.94161, -0.405052]
第14幅图像的旋转矩阵：
[0.1027866089945901, 0.9919302042461589, 0.07422521751781355;
 0.9388696755167281, -0.1213952451595139, 0.3221597846531675;
 0.3285706094685081, 0.03657409406718165, -0.9437709945938464]
第14幅图像的平移向量：
[-54.7875, -82.9582, 215.488]

